food_web_filename = 'Black_Sea_435';
crc = 'crc_461b5676';
n = 7;
nl = 6;
b0 = [0.0581699349 0.7278664 0.351 214 145.8956 340 200].';
p = [0.202431373452 0 0 0 0 133824 0].';
q = [0 0 0.0902809603273391 0.0879989798171747 0 0 95621.3271075053].';
r = [0.378798124130524 3.17229024031408 2.67038907934517 4570.9870079943 11321.4886123565 22303.9999461333 0].';
F = [
0 0.262578886198802 0.051336232571991 0 0 0 0
0 0 0 0 6.55079216816117 0 0
0 1.52977786963861 0.427262252695227 0 0.842399301492534 0 1.47419746402341
0 0 0 0 4194.39652205637 838.87999797401 3355.51422770305
0 0 0 0 0 9993.84857586373 9993.83140819016
0 0 0 0 0 0 0
0.137548368076423 1.58614517204206 1.03436836289994 3817.71574075928 4464.40165817133 100687.271480029 0
];

