food_web_filename = 'Oyster_Reef_Dame_1981';
crc = 'crc_1ae5b6ab';
n = 6;
nl = 5;
b0 = [2000 2.4121 24.121 16.274 69.237 1000].';
p = [15153.138 0 0 0 0 0].';
q = [0 0 0 0 0 0].';
r = [9195.291 2104.704 1307.91276 157.23162 131.32476 2256.67386].';
F = [
0 0 0 0 0 0
0 0 0 0 0 2986.08534
0 440.6724 0 0 0 2658.1023
0 440.6724 241.49286 0 0 234.98874
187.6329 0 0 62.88534 0 0
5770.0314 0 1549.40562 697.03704 119.19348 0
];

