food_web_filename = 'Somme_Estuary_Rybarczyk_1993';
crc = 'crc_9af9ee3f';
n = 9;
nl = 8;
b0 = [3.703 6.77 0.037 12.831 3.19 0.782 0.082 0.043 191.88].';
p = [312.554 286 0 0 0 0 0 0 277.5].';
q = [0 0 0 0 0 0 0 0 567.194414766838].';
r = [52.0921944448147 47.6620837739961 9.39548571938554 15.1659096133166 8.2576074363603 0.554851711578857 0.222109648055475 0.0883807236199512 175.420962162036].';
F = [
0 0 0 0 0 0 0 0 0
0 0 0 0 0 0 0 0 0
18.9607827799815 0 0 0 0 0 0 0 5.04361978425065
2.65082626568458 3.97545107842195 0 0 0 0 0 0 133.960953327259
0 2.96054866519245 0 0 0 0 0 0 105.47443272444
0 0 0 2.70343057986139 7.13700168928857 0 0 0 0
0 0 0 0.0760284597344929 0.235451128531658 0.134509505837299 0 0 0
0 0 0.00844006981619254 0.154709075041119 0.562958337391483 0.30087652621501 0 0 0
238.850196509519 231.40191648239 14.6004767750315 122.487152943412 92.2419627980605 8.85019452551859 0.223879446047949 0.938603284843882 0
];

